<!--
 Unable to retrieve Git information.

 Simulation information:
           Machine Name: Unknown
      Working Directory: /Users/krystofbrezina/Teaching/AL-tutorial/ipi-examples/eigen-refined
          Date and Time: 2025-06-16 17:05:05
-->
<simulation verbosity='low' mode='static'>
   <prng>
      <seed>32342</seed>
      <state>[{"bit_generator": "MT19937", "state": {"key": [3696910301, 27734965, 1507808421, 608884338, 4154383717, 3493330636, 2747079186, 3074502797, 1672933473, 2869803721, 524002409, 2639213534, 211620357, 3825715494, 1966262514, 1210024926, 619629003, 3220689037, 1836878460, 4054015197, 1367514478, 1460181433, 3484321370, 2574394932, 4192934177, 2934279732, 2620069768, 2419806890, 1520842772, 516134410, 559336340, 4267021828, 980095128, 3710455634, 1490441749, 1752684203, 1406239831, 2500258015, 3956487546, 1321854213, 2788568860, 296446653, 482773218, 3360212244, 738607780, 1804365995, 676867268, 624128648, 3359610719, 4043294154, 1453368960, 833358731, 2477797912, 2620865192, 775840944, 3243546792, 2405769147, 752344568, 3865212472, 2489102552, 1246998407, 189653718, 2834248183, 1565228509, 496146455, 1441178710, 1779577359, 2732981154, 2291746521, 895942196, 1726646609, 2906645666, 442342675, 3134880896, 2821956133, 1419960847, 3494001013, 1579371159, 1828264720, 157262255, 805731768, 2746974179, 2958459231, 3984858720, 3215590511, 3113460044, 809088494, 1643124219, 2862419781, 3085791203, 2782412732, 2434544690, 533624728, 843023226, 3733138079, 2242357380, 4037043140, 1882615341, 3602469152, 2876409533, 4089442630, 3062755829, 2395954366, 68738533, 1027327267, 2156441191, 1664594353, 434291187, 3549276382, 645800659, 2073021514, 1099923931, 571312040, 2859895446, 1302563059, 3221926675, 938591979, 891379697, 2998294130, 1897792213, 4036171107, 2496593180, 1294721246, 2682557021, 870677412, 2381468035, 1597940586, 3896384369, 3178503322, 3069118271, 307540261, 1530287015, 3011529197, 3436841176, 2350196577, 457337180, 2859902185, 70250759, 2828402242, 4026350062, 2997562542, 876955445, 2750393122, 1101164003, 1254637494, 121241966, 2302652666, 498337043, 4097474451, 3643347451, 2435772327, 980111924, 850823593, 1576234565, 2239951570, 554308479, 2215852588, 4152031620, 650345865, 3743351173, 4103881389, 3966075906, 2736386969, 1988064025, 803927977, 2664565966, 589301183, 1313882031, 1070726233, 4002320048, 4051543637, 3697395502, 4163026077, 2451019589, 3323507404, 3788861833, 3226037267, 3523547917, 4049756215, 381367828, 224880003, 3156539007, 225803536, 2180985430, 1655366768, 678052291, 4232667474, 738534891, 934624934, 893415336, 973139898, 4005069342, 2119135521, 1900467875, 269982714, 83371612, 273832194, 3593868686, 4024958454, 507147826, 1990396446, 1518082569, 1620714573, 3378224608, 2300695607, 1837371, 3793339609, 2080297104, 130836001, 1763795961, 1578598414, 3647700329, 3284503851, 826353379, 4004594744, 1209202086, 1595200717, 147417696, 2059000641, 2020789574, 986340236, 25464644, 1452087473, 2090378289, 86441378, 2907219700, 3901356306, 1254371944, 1161947808, 3681568628, 2205669741, 1125742633, 3427094017, 1800131332, 2401487640, 2314366173, 1541203342, 791855463, 599123134, 4121216222, 2251240602, 1918629853, 2792834675, 4242602636, 4170601367, 1423723456, 3054718265, 770793792, 1529929830, 4010763391, 1137295394, 3962280207, 1319629557, 574807570, 3801796411, 658955690, 4224897727, 1994144105, 1249115704, 3922567662, 1989478039, 1736046674, 2193066595, 3349377297, 434128112, 2279949928, 561857902, 3774404435, 834728834, 3835618670, 2873431277, 3244525225, 3180553610, 768809908, 3467038156, 315229572, 3382865870, 507698386, 2743737215, 901664817, 1292464794, 4108465243, 1236296109, 624366065, 3128356011, 1096968197, 106190909, 3221576712, 2834895233, 3646892070, 3135647575, 3879493511, 3099775637, 3695783990, 1156688337, 1976828472, 3378156298, 716975916, 2187620708, 3209603411, 2997423243, 2525647514, 2781751187, 4229923357, 550497017, 3661682664, 1837694896, 636254993, 3497044496, 1907455508, 39333914, 2573490427, 2415681320, 3131542549, 3169936784, 154939411, 4156504141, 402784379, 2567697342, 2882661457, 209621604, 2362164921, 318441676, 4218140524, 210214239, 4141857445, 2815132612, 4158449930, 1430725644, 3781006070, 4264667382, 3643266271, 3079420608, 2677187217, 1334915111, 870062049, 1822815137, 1075422048, 3479921227, 3115132847, 2630022457, 2143888323, 1021617019, 485777369, 1521670240, 1530323446, 3280345189, 2436952673, 1706720517, 3004953531, 108352047, 1500891020, 2493104398, 369308526, 873752084, 2589286653, 3699628189, 877007781, 2656691812, 3786583791, 3757744096, 2841156778, 454593289, 4011387143, 2950205310, 3600950852, 3409392482, 1586756747, 4033036656, 3223147440, 3919010894, 35421055, 2887369158, 2287084242, 1236145448, 3612409122, 2221507371, 3840324780, 3918968974, 963563605, 4260944647, 1423314561, 4225876228, 2434827462, 97758581, 3354509787, 1342667010, 290904436, 3908009862, 1796855779, 897222930, 242408037, 2765234480, 1976983618, 1897543318, 3648346452, 646481380, 3513930051, 37113058, 1427537257, 3644269183, 3297756855, 3533558738, 2903460835, 1187686254, 2465366984, 3547799518, 875477161, 2834783397, 2716232480, 452170797, 2201412860, 3820947705, 3069022241, 3189619428, 4284812392, 3247760926, 2159972243, 2684688508, 380884898, 112703220, 764545747, 1689185165, 3095372008, 460983139, 2891348576, 3568275982, 3435119011, 3842366931, 379694873, 115134658, 3921369607, 3243689818, 1306516274, 1555177722, 2037177310, 1458014096, 3152419533, 206448816, 3380824454, 534971409, 2132044903, 114524212, 1854770828, 2788531624, 4289003552, 484255854, 1311485103, 2429540579, 2582920070, 3664848740, 491632136, 706923202, 3260210382, 571757300, 731709860, 424668367, 2503559853, 996272319, 3832493105, 2699486600, 818641153, 1274866001, 2021375850, 2534044208, 1753314632, 633417997, 3189370074, 2648386844, 124890551, 1407494081, 2592996715, 2349233618, 1886532183, 3361091632, 423330361, 2091412832, 1245419170, 261636881, 3718330543, 1776578272, 329422052, 1180417419, 3624305080, 772042328, 815052689, 3233469844, 3848591674, 2680015435, 3794124351, 3541508113, 50421652, 4192063952, 1547323892, 3061317500, 1828562767, 3185075354, 392943311, 1460395376, 2883588486, 1803362022, 2086759660, 1146336933, 3513558591, 2685512532, 2279255836, 2588134068, 199008583, 2801396024, 1482740006, 2200444486, 1211520605, 2372310765, 1243533555, 1347211321, 2894244662, 1264224074, 3128583958, 2401335460, 4219235101, 2523838750, 3460515194, 2450578269, 3370913233, 1450731203, 1292772513, 599807213, 880769918, 72621198, 2090520448, 1482205068, 589248230, 2344028422, 2121558205, 700440780, 1516070466, 2486807532, 3620703502, 33066588, 1379688907, 2602750687, 4089270198, 2387248614, 3919020091, 1782278550, 1124716050, 2889468502, 3774546428, 3658582987, 443815368, 2520319061, 1507045402, 2593617164, 3100497177, 3638372007, 322726126, 1559123916, 77285199, 1369681424, 677264182, 2503209505, 1706996819, 605751105, 3509933175, 1660689003, 3058189627, 826821507, 1026698496, 921935670, 2227583641, 238378122, 338979102, 1016746969, 426753195, 4176737684, 1096424319, 4033802521, 881037700, 3489235236, 1090633863, 1475626706, 3909143969, 2227566017, 525020931, 4041445885, 2710026608, 1339421109, 3568609618, 3959893534, 734187132, 1696201458, 15675790, 2860413608, 2819140488, 2885347671, 2720659717, 105354493, 3278738667, 4087275270, 3873434958, 3274014418, 3728859471, 4138443721, 2302851532, 2277804509, 1923585417, 4176050184, 2923298764, 1773529432, 2205148228, 3642299396, 4093273911, 641555535, 2214532832, 440238409, 3260992246, 3867576076, 1532383780, 2258047409, 128391360, 3921492520, 3191013323, 3655060833, 3517782741], "pos": 47}}]</state>
   </prng>
   <output prefix='ipi'>
      <properties shape='(6)' filename='mean_properties.out' stride='20'>
       [ step, time{femtosecond}, conserved{electronvolt}, kinetic_md{electronvolt}, potential{electronvolt}, 
         temperature{kelvin} ]
      </properties>
      <trajectory filename='pos' stride='20' format='ase'>positions</trajectory>
      <trajectory filename='mean_force' stride='20' cell_units='angstrom'>forces{eV/ang}</trajectory>
      <properties shape='(4)' filename='mace_properties' stride='20'> [ pot_component_raw(0){electronvolt}, pot_component_raw(1){electronvolt}, pot_component_raw(2){electronvolt}, pot_component_raw(3){electronvolt} ] </properties>
      <trajectory filename='mace_force_0' stride='20' format='ase'>forces_component_raw(0)</trajectory>
      <trajectory filename='mace_force_1' stride='20' format='ase'>forces_component_raw(1)</trajectory>
      <trajectory filename='mace_force_2' stride='20' format='ase'>forces_component_raw(2)</trajectory>
      <trajectory filename='mace_force_3' stride='20' format='ase'>forces_component_raw(3)</trajectory>
   </output>
   <step>20000</step>
   <total_steps>20000</total_steps>
   <ffsocket mode='unix' name='mace-0'>
      <address>address-0</address>
   </ffsocket>
   <ffsocket mode='unix' name='mace-1'>
      <address>address-1</address>
   </ffsocket>
   <ffsocket mode='unix' name='mace-2'>
      <address>address-2</address>
   </ffsocket>
   <ffsocket mode='unix' name='mace-3'>
      <address>address-3</address>
   </ffsocket>
   <system>
      <forces>
         <force weight='  2.50000000e-01' forcefield='mace-0'>
         </force>
         <force weight='  2.50000000e-01' forcefield='mace-1'>
         </force>
         <force weight='  2.50000000e-01' forcefield='mace-2'>
         </force>
         <force weight='  2.50000000e-01' forcefield='mace-3'>
         </force>
      </forces>
      <ensemble>
         <temperature>  9.50044560e-04</temperature>
         <eens>  2.84141868e-01</eens>
         <hamiltonian_weights shape='(4)'> [   1.00000000e+00,   1.00000000e+00,   1.00000000e+00,   1.00000000e+00 ] </hamiltonian_weights>
         <time>  4.13413730e+05</time>
      </ensemble>
      <motion mode='dynamics'>
         <dynamics mode='nvt'>
            <thermostat mode='langevin'>
               <ethermo> -2.94129007e-01</ethermo>
               <tau>  4.13413730e+03</tau>
            </thermostat>
            <timestep>  2.06706865e+01</timestep>
            <nmts shape='(1)'> [ 1 ] </nmts>
         </dynamics>
      </motion>
      <beads natoms='13' nbeads='1'>
         <q shape='(1, 39)'>
          [   4.79848728e-01,  -1.24405720e+00,   2.39838615e-01,  -1.40510211e+00,   8.65720595e-01, 
              1.48606580e+00,   1.15034164e+00,   1.62650502e+00,  -4.23373713e-01,   5.49436085e+00, 
              2.41426870e+00,  -9.82946935e-01,   3.94543563e+00,   4.82539551e+00,  -1.36840148e+00, 
              2.20429414e+00,  -4.11641416e+00,   2.60726738e+00,   1.97588282e+00,  -5.39453382e+00, 
             -4.09945667e-02,  -3.48839330e+00,   1.83245364e+00,   4.93267652e+00,  -2.98955367e+00, 
              4.28324566e+00,   3.39629777e+00,  -3.87541113e-01,   4.24271186e-01,  -7.35823159e-02, 
              3.71376391e+00,   3.05519469e+00,  -1.04957007e+00,   1.23175225e+00,  -4.04245271e+00, 
              1.01278296e+00,  -2.44658663e+00,   2.55821250e+00,   3.64986067e+00 ]
         </q>
         <p shape='(1, 39)'>
          [  -1.62037119e+00,  -1.77550750e-01,   6.19957808e-01,  -6.11332977e-01,  -7.91325537e-01, 
             -8.65651617e-01,  -8.99733947e-01,   2.20567385e+00,  -1.16344351e+00,  -3.98662740e-01, 
             -2.31372252e+00,  -2.21618761e+00,  -1.68743512e+00,  -2.09220680e+00,   1.02619482e+00, 
              1.45004293e+00,  -2.61053788e+00,   3.13808444e+00,  -1.70928169e+00,  -8.83906208e-02, 
             -5.91530055e-01,   1.66535621e+00,   1.32202568e+00,   1.09860502e+00,   1.03113734e+00, 
             -3.27219086e-01,   1.72435533e+00,   5.20617373e+00,   4.46509514e+00,  -8.13427223e+00, 
             -1.61123957e+00,  -1.74713522e+00,   5.84656797e+00,   2.56862910e+00,   8.10092640e+00, 
             -2.14069172e+00,  -3.38328206e+00,  -5.94563264e+00,   1.65801136e+00 ]
         </p>
         <m shape='(13)'>
          [   1.83747161e+03,   1.83747161e+03,   1.83747161e+03,   1.83747161e+03,   1.83747161e+03, 
              1.83747161e+03,   1.83747161e+03,   1.83747161e+03,   1.83747161e+03,   2.91643931e+04, 
              2.91643931e+04,   2.91643931e+04,   2.91643931e+04 ]
         </m>
         <names shape='(13)'>
          [ H, H, H, H, H, 
            H, H, H, H, O, 
            O, O, O ]
         </names>
      </beads>
      <cell shape='(3, 3)'>
       [   1.00000000e+03,   0.00000000e+00,   0.00000000e+00,   0.00000000e+00,   1.00000000e+03, 
           0.00000000e+00,   0.00000000e+00,   0.00000000e+00,   1.00000000e+03 ]
      </cell>
   </system>
</simulation>
