<!--
 Git information:
    i-PI version: unknown
      Remote URL: git@github.com:sabia-group/i-pi.git
          Branch: mace                    
     Last Commit: d3657b638ee39e07c1ed2c63f1c3b695a80123a0

 Simulation information:
           Machine Name: cfelm-pcx32361
      Working Directory: /home/stoccoel/Documents/Tutorial/shared/AL-tutorial/ipi-examples/eigen-inference
          Date and Time: 2025-06-03 10:33:37
-->
<simulation verbosity='low' mode='static'>
   <prng>
      <seed>32342</seed>
      <state>[{"bit_generator": "MT19937", "state": {"key": [12809126, 142600467, 1789568994, 3721474246, 3322363085, 2715452401, 1172965216, 2842405198, 833509694, 2081476710, 4112557615, 1053039998, 3865853517, 2488820852, 3896664920, 150672231, 828218780, 2846883925, 3764279467, 1347652780, 1849496253, 2601930312, 684962791, 1795644139, 587998365, 3830766061, 2518104935, 501917670, 1426814483, 1331693176, 4010785888, 2189982093, 897791389, 2253325000, 3808516923, 47887768, 2723834617, 2495516772, 1213102759, 187830352, 2966766417, 3493405218, 2261431736, 1834301549, 1330447898, 1549326150, 1603735855, 1808447483, 383743203, 1063461340, 3650431625, 3018006402, 2579486893, 1481805959, 3141182885, 2942249138, 3269407018, 3166262602, 2626227667, 1745541778, 3046362063, 2342764912, 539525362, 3254714020, 956886327, 361845458, 4062653327, 990262717, 1116470233, 1239823650, 2238231896, 904984263, 4107517114, 576967703, 656951490, 1785855228, 2494311048, 770576412, 3830428591, 51427375, 533385400, 2001900903, 491678361, 891597741, 1464212608, 3496414457, 3775950629, 1394080076, 2028717469, 2372271793, 2745450445, 3925980315, 2490491525, 1524848840, 3277642661, 77713300, 228121366, 475125625, 3996064458, 995220874, 667121056, 3733049416, 3667656464, 4101233926, 571175992, 1730483640, 4023357848, 2863818615, 2796779493, 2421251314, 2631773027, 3556855604, 2087934372, 122646385, 1932609438, 1269040876, 1604087367, 2214149365, 2354145917, 1326860035, 290011399, 143166828, 886177423, 3863399428, 3666125403, 3972983862, 1190028324, 121437378, 2013528896, 3299492507, 2838373492, 2867181111, 3437426354, 3799484093, 3667351020, 3015899908, 2954507533, 2469751592, 2783982542, 1961627278, 1864043525, 2788633795, 248602106, 1648302858, 3733763344, 2279109819, 3327049218, 183289773, 3458252338, 3018437087, 3148242663, 4255118816, 1863977208, 304330126, 3330464745, 3680587413, 2748298239, 654019614, 2699860880, 2014641728, 1279351922, 3154371090, 2049279790, 861946355, 2793071822, 1639197984, 1602678920, 267747019, 3142472119, 374242635, 14742135, 1721798184, 1683567748, 2815221423, 2674125404, 1149538054, 110532159, 813621102, 4274547600, 3773772247, 2197353378, 801955719, 1303375953, 1309289473, 3383972127, 1635987801, 2235040148, 911366090, 640422120, 35463856, 3750634318, 3841877733, 3681847236, 2821241795, 4002173316, 3262690488, 1024625857, 1592834971, 608085231, 2699331240, 1991791033, 3940704648, 2174461285, 1545759517, 4107985888, 921659179, 3152519111, 3843801589, 454873415, 844371704, 297348447, 2135071256, 3395511979, 828956365, 210279382, 817358665, 832039446, 2749854751, 4014849188, 3393489862, 2158803400, 212387722, 2917965016, 4102874813, 2223584830, 566008313, 1668000089, 2155626336, 592946003, 855249134, 1595462145, 488163000, 3573610052, 1553358049, 1205118496, 1472267102, 11842184, 4126826973, 2156260606, 3619580314, 1446000226, 2422882600, 910017596, 1525427918, 4292351165, 2471049376, 3473548459, 668252752, 762033536, 57185276, 800008303, 3663204932, 158001256, 1782524533, 3235884362, 1226774349, 2621419931, 3689072332, 3844490019, 3504431382, 3180565331, 3768492249, 1433415435, 3000705402, 2473008917, 4043289007, 754593232, 2708799951, 2008877471, 326168127, 3223066383, 3890971037, 2928497483, 2400787268, 2033976794, 1852463479, 533931067, 718631171, 177051993, 3931206238, 1403280741, 4185750969, 730906829, 1984732795, 3549879068, 1404340116, 4057646648, 2966377310, 3165907321, 391182432, 1563684797, 3412862630, 1960695895, 83343420, 3008672257, 3590592627, 3570873588, 3884926389, 3013689326, 751947517, 2992989927, 1347441148, 3399262999, 2371116355, 1457519407, 998764418, 325935901, 1193416453, 736536304, 3939379051, 1499009931, 3397484753, 1090092953, 2386849658, 1162287031, 776297796, 1394025864, 1140454392, 406955956, 755815981, 984770759, 2006958727, 268838035, 4106539073, 1422455587, 4291533243, 2741255256, 583143783, 1190241399, 816018968, 613927641, 2650211110, 1861340042, 3127566832, 2321321167, 2160881975, 1670076987, 1003618421, 2263863365, 4179267161, 3946395410, 4280794900, 149895594, 779283156, 180122214, 2106041833, 1351654589, 2517037255, 1442604579, 4264356520, 2555980636, 27456612, 2691461697, 217999126, 1544346547, 1950118666, 2410095439, 596289837, 3280170252, 3989540087, 1536833345, 2921700883, 951809670, 712433151, 343825642, 3455269755, 2771881019, 3229079316, 4073493268, 2151209814, 2694928278, 3998751544, 205879478, 284730857, 2548174212, 3543240818, 830143209, 778286391, 1444757448, 1359001474, 3054578178, 1414514142, 1881966528, 2137444683, 3579596095, 348838996, 4157024087, 927659398, 1113491023, 54083940, 2266928418, 3777961514, 500020042, 798662593, 773332571, 2542286585, 3819140477, 4256312723, 3391459341, 3228933157, 1616335089, 3740697879, 447631241, 1432224099, 298182553, 1148490690, 871303281, 1789472000, 497050376, 1455485492, 2565935182, 697213580, 3045395148, 717269779, 1749474849, 2780184527, 2105486113, 1523702544, 1682362700, 3131187534, 3977196219, 3512333500, 173086828, 3926357014, 3691592121, 4123779286, 4290829425, 2743751350, 4238314004, 745921108, 2635134517, 733243275, 3695560692, 2587545702, 2771519989, 673807809, 1493887291, 650035267, 1960689021, 3001512499, 3993312013, 1448407980, 4272388854, 4045973444, 4062905843, 554462573, 3092224166, 658680160, 1953552068, 1620261855, 58479679, 4025087247, 3284737617, 4181389606, 664772702, 745324799, 3027899452, 3972179435, 1279608712, 2108802507, 1801785623, 3840472752, 342523942, 2753201176, 3396932474, 704427846, 3628825910, 2741645851, 3046383915, 573410704, 695296470, 2128944694, 1209046553, 1767457773, 3402079277, 3372175660, 641989885, 2991106361, 91226896, 2703079466, 1946934113, 3870894073, 3153018430, 1016937889, 786191495, 32081182, 794226079, 3227983603, 1228149432, 4148444842, 281023898, 2826112503, 2215818085, 3484305955, 342107960, 868301019, 1649606559, 1270143645, 3062475549, 46553681, 4105896636, 2213618506, 2396579410, 1459606971, 2749270180, 3938991303, 3945370278, 1804598696, 3817719639, 3662679910, 2186135278, 4169535784, 4070555296, 3647475615, 780949744, 61783992, 2497337340, 2857951841, 2547799404, 2164134280, 2614393928, 1997916502, 1641290695, 3113737785, 873445220, 409574426, 1872501515, 207131403, 1387970099, 2284247291, 3841806544, 294524984, 1262678441, 3981974430, 4184865940, 2726906910, 1263499660, 447743503, 3291209331, 261760517, 3851193592, 2297859977, 2391075382, 2961964568, 1269736546, 3583841540, 1953374972, 799318195, 521860768, 1755474285, 3955572793, 2445985752, 1891501839, 791499877, 3477485710, 1094551922, 3051131776, 2698288189, 744600425, 3116888224, 1772309584, 4053363221, 1231502206, 1306770671, 1634846626, 4015607204, 3850814209, 384382086, 827090451, 2171947534, 3308927509, 2210819306, 2400313936, 2512075134, 3973741894, 453722984, 585504425, 3872618696, 2670808542, 942850095, 3592155884, 3470199769, 2893256349, 2710263140, 1914350210, 2993495715, 25613348, 1748717198, 3563929767, 2286816613, 1404843524, 2824165580, 391885197, 2269344086, 1893653588, 3744540583, 431787829, 4056825101, 555925675, 2410430411, 1472595424, 2645248186, 1708458846, 349062962, 2686104687, 3100477103, 3663086003, 3208597450, 3150423038, 4106776504, 2587483620, 1806411284, 3126887718, 3191722319, 4252759131, 563399520, 3286512687, 590850525, 2288953456, 2024011289, 3154599765, 1820055487, 1064766978, 3821194414], "pos": 241}}]</state>
   </prng>
   <output prefix='ipi'>
      <properties shape='(6)' filename='mean_properties.out' stride='20'>
       [ step, time{femtosecond}, conserved{electronvolt}, kinetic_md{electronvolt}, potential{electronvolt}, 
         temperature{kelvin} ]
      </properties>
      <trajectory filename='pos' stride='20' format='ase'>positions</trajectory>
      <trajectory filename='mean_force' stride='20' cell_units='angstrom'>forces{eV/ang}</trajectory>
      <properties shape='(4)' filename='mace_properties' stride='20'> [ pot_component_raw(0){electronvolt}, pot_component_raw(1){electronvolt}, pot_component_raw(2){electronvolt}, pot_component_raw(3){electronvolt} ] </properties>
      <trajectory filename='mace_force_0' stride='20' format='ase'>forces_component_raw(0)</trajectory>
      <trajectory filename='mace_force_1' stride='20' format='ase'>forces_component_raw(1)</trajectory>
      <trajectory filename='mace_force_2' stride='20' format='ase'>forces_component_raw(2)</trajectory>
      <trajectory filename='mace_force_3' stride='20' format='ase'>forces_component_raw(3)</trajectory>
   </output>
   <step>8000</step>
   <total_steps>20000</total_steps>
   <ffsocket mode='unix' name='mace-0'>
      <address>address-0</address>
   </ffsocket>
   <ffsocket mode='unix' name='mace-1'>
      <address>address-1</address>
   </ffsocket>
   <ffsocket mode='unix' name='mace-2'>
      <address>address-2</address>
   </ffsocket>
   <ffsocket mode='unix' name='mace-3'>
      <address>address-3</address>
   </ffsocket>
   <system>
      <forces>
         <force weight='  2.50000000e-01' forcefield='mace-0'>
         </force>
         <force weight='  2.50000000e-01' forcefield='mace-1'>
         </force>
         <force weight='  2.50000000e-01' forcefield='mace-2'>
         </force>
         <force weight='  2.50000000e-01' forcefield='mace-3'>
         </force>
      </forces>
      <ensemble>
         <temperature>  9.50044560e-04</temperature>
         <eens>  1.14184587e-01</eens>
         <hamiltonian_weights shape='(4)'> [   1.00000000e+00,   1.00000000e+00,   1.00000000e+00,   1.00000000e+00 ] </hamiltonian_weights>
         <time>  1.65365492e+05</time>
      </ensemble>
      <motion mode='dynamics'>
         <dynamics mode='nvt'>
            <thermostat mode='langevin'>
               <ethermo> -8.44168038e-02</ethermo>
               <tau>  4.13413730e+03</tau>
            </thermostat>
            <timestep>  2.06706865e+01</timestep>
            <nmts shape='(1)'> [ 1 ] </nmts>
         </dynamics>
      </motion>
      <beads natoms='13' nbeads='1'>
         <q shape='(1, 39)'>
          [   1.03709752e+00,   2.26766831e+00,  -3.65973878e-01,  -1.67504139e+00,  -4.47272163e-02, 
              1.72332742e+00,   2.19860163e+00,  -1.22263462e+00,   1.19725405e+00,   5.66642148e+00, 
             -1.46771035e+00,   2.07757726e+00,   4.00391611e+00,  -3.85270779e+00,   6.27104995e-01, 
              3.67181057e-01,   5.56586139e+00,  -6.76179747e-01,   2.73216715e+00,   4.50392487e+00, 
             -1.96121316e+00,  -4.81157277e+00,  -1.47618286e+00,   2.23778644e+00,  -3.80827193e+00, 
              4.92877684e-01,   4.27776984e+00,   2.40475317e-01,   3.53154898e-03,   1.04611420e-01, 
              4.03081845e+00,  -2.24491326e+00,   1.59541702e+00,   1.55933894e+00,   4.31246644e+00, 
             -5.88721989e-01,  -3.61487096e+00,  -5.53062482e-02,   2.47285308e+00 ]
         </q>
         <p shape='(1, 39)'>
          [   1.28542390e+00,   8.30980264e-02,   2.33129607e+00,   2.92378300e-01,  -4.14269161e-01, 
              1.39221922e+00,   7.31572806e-02,   3.88292886e+00,   2.26345784e+00,  -3.90421136e-01, 
             -1.06278862e+00,   1.12976806e+00,  -2.56892651e-01,  -2.00261115e+00,  -2.81281727e+00, 
             -8.21417056e-02,   3.03385122e-03,  -7.22900848e-01,   2.33446991e+00,  -3.67290370e-01, 
             -1.07435257e+00,  -7.03714159e-01,  -1.52620799e+00,   9.41976669e-01,  -2.29736736e-01, 
              2.83332933e-01,  -3.56125570e-01,  -1.50178606e+00,   1.45117188e+00,   2.00525579e+00, 
             -1.94385648e+00,  -2.72188355e-01,  -1.43014794e+00,   7.10076812e+00,  -3.87667561e-01, 
             -1.75129308e+00,  -5.97764858e+00,   3.29457651e-01,  -1.91633639e+00 ]
         </p>
         <m shape='(13)'>
          [   1.83747161e+03,   1.83747161e+03,   1.83747161e+03,   1.83747161e+03,   1.83747161e+03, 
              1.83747161e+03,   1.83747161e+03,   1.83747161e+03,   1.83747161e+03,   2.91643931e+04, 
              2.91643931e+04,   2.91643931e+04,   2.91643931e+04 ]
         </m>
         <names shape='(13)'>
          [ H, H, H, H, H, 
            H, H, H, H, O, 
            O, O, O ]
         </names>
      </beads>
      <cell shape='(3, 3)'>
       [   1.00000000e+03,   0.00000000e+00,   0.00000000e+00,   0.00000000e+00,   1.00000000e+03, 
           0.00000000e+00,   0.00000000e+00,   0.00000000e+00,   1.00000000e+03 ]
      </cell>
   </system>
</simulation>
