<!--
 Git information:
    i-PI version: unknown
      Remote URL: git@github.com:sabia-group/i-pi.git
          Branch: mace                    
     Last Commit: d3657b638ee39e07c1ed2c63f1c3b695a80123a0

 Simulation information:
           Machine Name: cfelm-pcx32361
      Working Directory: /home/stoccoel/Documents/Tutorial/shared/AL-tutorial/ipi-examples/eigen-inference
          Date and Time: 2025-06-02 14:09:14
-->
<simulation verbosity='high' mode='static'>
   <prng>
      <seed>32342</seed>
      <state>[{"bit_generator": "MT19937", "state": {"key": [2160649538, 1909063288, 81012160, 405135867, 249362676, 2236595905, 665955541, 4092245978, 1714533792, 4150337050, 1863108514, 1040542515, 2164906159, 3501091126, 2512665882, 2247285077, 186568525, 1478712486, 1337034365, 2185366105, 1087991590, 1123857715, 864837185, 3467317203, 1901132374, 982160203, 3581143019, 3687707353, 3044303924, 728237279, 106736060, 3499608154, 914187629, 2238979093, 618153553, 3944103947, 979298814, 2242287587, 3485356325, 506826677, 2931548774, 1811759020, 3085604003, 471567295, 927553152, 563757753, 2141120569, 1661643280, 2052386061, 4235332628, 2125566391, 548675258, 1848223367, 3531481641, 3527786358, 2442307418, 1747335617, 317791171, 1879331629, 3428347960, 2023208882, 1956932841, 3882274391, 4034686782, 2675518104, 2520407815, 2839247895, 1714190567, 2984907518, 334101554, 2638700379, 2710909036, 3784544136, 3136182249, 2495157884, 988801101, 4120809602, 1389375457, 3936735252, 3202396997, 287750586, 3296901571, 3732969095, 1655079030, 2144396248, 1632115888, 1605080360, 1531071129, 49883697, 702448181, 1224538898, 1412888174, 4221575236, 2575885411, 600826430, 3412740179, 1797317534, 3596599100, 1166319388, 2157044680, 1909097013, 2922299996, 505378432, 1877017806, 2934109938, 2695296025, 4062074034, 2946412553, 1456744926, 3149772686, 3522219043, 2242720267, 2928734398, 3382795923, 2941583779, 2190189225, 3460015626, 931478050, 3202096497, 491210123, 500787503, 3510786568, 628251376, 3464314190, 1801444726, 1035493480, 1786001429, 2459345555, 274287232, 2253699574, 3783564819, 876877406, 3607569629, 2803048659, 2053668759, 3420803459, 543501203, 3010117358, 2894511844, 2174321479, 2826540591, 1108357037, 3673168565, 1499260581, 4128293287, 1189812126, 2144799310, 338229119, 3882188494, 2846799692, 814890775, 1291131301, 222892218, 1618264036, 3534271026, 2836123071, 3371868202, 3386613332, 584300845, 3258324841, 1367167656, 632972963, 1451813790, 2610769890, 1782552700, 535775911, 2644350056, 1829187500, 1515592956, 612505555, 1536525764, 3790063289, 2796330988, 3810705250, 2449823459, 3948819458, 2451679266, 3616207209, 2396223283, 3980478414, 3724635869, 557053536, 2148141445, 2655760834, 1663611377, 1791842955, 157705775, 2565992210, 1264842115, 160970970, 2232796906, 3365681236, 1496223852, 572932272, 1698062793, 2079384558, 1374802618, 3371251754, 3021448016, 3688127769, 2979296502, 519218201, 2319547330, 1798108913, 3720138451, 1444113263, 3881893695, 4241782570, 1544488414, 2216949753, 4204692593, 3596567609, 2624380284, 2008792577, 178189419, 1665026542, 50444702, 1231711789, 273797971, 267138068, 950797669, 390086688, 1074657447, 2035699210, 2346392073, 1280024183, 1659479328, 3176577569, 3195207404, 1466984675, 1371746835, 792775602, 1679379046, 2423612152, 4142513973, 2102364085, 3653238108, 3576557220, 2488981130, 3283702503, 2777717310, 2995074769, 1074188153, 1078279883, 493641983, 1504727547, 3756798813, 4062437866, 481570655, 1853709808, 3601060148, 2496450649, 3454485329, 3251598646, 3366667934, 2540477855, 1421279227, 2566959922, 2754225772, 725744150, 2288247074, 2849190822, 3029421421, 297455053, 3110663596, 374234589, 1917212165, 782092421, 3762537035, 3705302088, 3600415007, 751505711, 2248106104, 1202627260, 2322618497, 2119308972, 2463053632, 935999004, 1389099773, 2928276772, 935255908, 985032130, 2831451199, 2283746040, 1403239159, 2608391769, 3629673802, 787131853, 3978598763, 2857470305, 1861537342, 1562954748, 3061429788, 3433901324, 2983199871, 1319348376, 3111106120, 3373178789, 1937996868, 748894740, 2553843765, 4069345355, 697661926, 1471432816, 3573014742, 2542221084, 1888273470, 1317793219, 1742698646, 1859796107, 4074743022, 2639225872, 393972704, 3206262874, 4026010223, 3341134204, 3209800644, 3018625427, 3641784576, 3018539603, 898184449, 3638686655, 3605151581, 3917345200, 2055863835, 3245395594, 1709673840, 4211508206, 2269387056, 562750680, 2238500302, 970275756, 2721821277, 128079174, 1456304152, 1359937427, 2462083882, 1993745150, 1405628844, 1269894609, 2495077145, 142459875, 618168264, 3372125433, 2896779621, 3181251305, 1170274012, 22074928, 581586659, 2455177136, 1565747621, 2259218714, 2727416446, 3092795847, 3888123505, 3858101484, 2727150674, 2507776288, 1009060751, 143851217, 1504500462, 3097443685, 384466833, 3678973242, 1430793309, 2307619425, 3056355496, 2438880585, 1753217596, 1095786337, 3955181684, 464260013, 3278489802, 2343229510, 2638789064, 1218342273, 3158079536, 494105537, 1077406413, 2822462517, 4218921069, 75202521, 350995325, 2174516346, 2835015987, 2767434450, 4069776911, 1952634348, 3531310747, 1659092892, 674548109, 887882546, 1618722270, 618616937, 2240300450, 303969587, 2608623826, 3539293200, 1400218843, 1929256868, 1468123970, 580888127, 1367849985, 158021315, 964648970, 408945115, 3850851810, 2890731151, 990983163, 508694782, 171558008, 2613024411, 1667790311, 4043668406, 557021355, 2680692454, 3021253003, 1270049093, 1794368162, 831918088, 2960248920, 3538152456, 1015780861, 3029067711, 2767244074, 1144887006, 3271784336, 2924027074, 1238366635, 2194313179, 3764992990, 3075495057, 4032946203, 1837339734, 2559243839, 3666590812, 576411642, 3159260704, 579391011, 1689838234, 949905843, 689704252, 3291700252, 3904067313, 3028840130, 3865388493, 1826095789, 1918117301, 2813088194, 2959021946, 570660226, 3613591334, 3857882992, 1890905632, 2410624767, 1296975596, 3295029044, 2916471488, 449324177, 1755160765, 3504460663, 290414096, 3840951548, 2596019560, 2156276549, 2880278037, 2366016899, 359424474, 1466724341, 2772705276, 4160653070, 164132199, 513440820, 2674945178, 4014852849, 2916804895, 3109327036, 3485627693, 1826435577, 4256920990, 3166108168, 3408800935, 3250358958, 870971438, 2746126306, 2102151877, 4240200439, 92664239, 3130280236, 1357074249, 401042493, 3716339418, 937201483, 1947771418, 3097687705, 2294914826, 1742863584, 1409428884, 1048543351, 1053518492, 2158513567, 1866782997, 4113197893, 2282585056, 4162131681, 936494656, 792534785, 2060928037, 2603380024, 3455680252, 204361413, 3341869678, 1363283455, 2321248659, 662388638, 1404486446, 1867953112, 1092149136, 248764980, 2255550867, 3232996214, 4123871018, 534408232, 4169597697, 3926651809, 2162933662, 120167268, 2762436359, 1687583531, 581523189, 2327716009, 4012955, 382911490, 1344421544, 4132322191, 2881410926, 2703567753, 2298461027, 2744755711, 230455052, 3859641019, 1166073245, 1630651095, 267331904, 3791491720, 361721161, 2648726538, 4048076027, 2318094484, 3661729647, 3960052455, 2415926205, 1626178694, 3779832168, 2724653293, 2460433403, 3263153983, 761378313, 137999784, 65075563, 2433945152, 711200007, 3914522236, 1434024176, 1324336843, 2728310510, 851483308, 1703560316, 597756421, 3055749555, 1189734723, 3411326202, 1205376581, 159317172, 1666690074, 3483865302, 1633216432, 1177828782, 1257454473, 2200786351, 3021184042, 3614134571, 792523336, 3342884826, 1351424158, 896475440, 1908426271, 4118881873, 3019097222, 544769934, 4049258561, 3470491974, 590400343, 356879431, 4271924138, 4074899795, 3528603075, 2951190399, 3698123614, 3381455639, 1354376767, 4168758746, 711063584, 1023016275, 2514073669, 941817158, 2197194907, 4083490537, 1989446374, 368388375, 1603693356, 1228858074, 1596982750, 1339653170, 3635649626, 4124638761, 1309972358, 1633857042, 205574515, 3171350980, 3291134761, 82859741, 1702033696, 3675783795], "pos": 163}}]</state>
   </prng>
   <output prefix='ipi'>
      <properties shape='(6)' filename='mean_properties.out' stride='20'>
       [ step, time{femtosecond}, conserved{electronvolt}, kinetic_md{electronvolt}, potential{electronvolt}, 
         temperature{kelvin} ]
      </properties>
      <trajectory filename='pos' stride='20' format='ase'>positions</trajectory>
      <trajectory filename='mean_force' stride='20' cell_units='angstrom'>forces{eV/ang}</trajectory>
      <properties shape='(4)' filename='mace_properties' stride='20'> [ pot_component_raw(0){electronvolt}, pot_component_raw(1){electronvolt}, pot_component_raw(2){electronvolt}, pot_component_raw(3){electronvolt} ] </properties>
      <trajectory filename='mace_force_0' stride='20' format='ase'>forces_component_raw(0)</trajectory>
      <trajectory filename='mace_force_1' stride='20' format='ase'>forces_component_raw(1)</trajectory>
      <trajectory filename='mace_force_2' stride='20' format='ase'>forces_component_raw(2)</trajectory>
      <trajectory filename='mace_force_3' stride='20' format='ase'>forces_component_raw(3)</trajectory>
   </output>
   <step>17520</step>
   <total_steps>20000</total_steps>
   <ffsocket mode='unix' name='mace-0'>
      <address>address-0</address>
   </ffsocket>
   <ffsocket mode='unix' name='mace-1'>
      <address>address-1</address>
   </ffsocket>
   <ffsocket mode='unix' name='mace-2'>
      <address>address-2</address>
   </ffsocket>
   <ffsocket mode='unix' name='mace-3'>
      <address>address-3</address>
   </ffsocket>
   <system>
      <forces>
         <force weight='  2.50000000e-01' forcefield='mace-0'>
         </force>
         <force weight='  2.50000000e-01' forcefield='mace-1'>
         </force>
         <force weight='  2.50000000e-01' forcefield='mace-2'>
         </force>
         <force weight='  2.50000000e-01' forcefield='mace-3'>
         </force>
      </forces>
      <ensemble>
         <temperature>  9.50044560e-04</temperature>
         <eens>  7.53137954e-04</eens>
         <hamiltonian_weights shape='(4)'> [   1.00000000e+00,   1.00000000e+00,   1.00000000e+00,   1.00000000e+00 ] </hamiltonian_weights>
         <time>  3.62150427e+05</time>
      </ensemble>
      <motion mode='dynamics'>
         <dynamics mode='nvt'>
            <thermostat mode='svr'>
               <ethermo>  4.32052884e-02</ethermo>
               <tau>  4.13413730e+03</tau>
            </thermostat>
            <timestep>  2.06706865e+01</timestep>
            <nmts shape='(1)'> [ 1 ] </nmts>
         </dynamics>
      </motion>
      <beads natoms='13' nbeads='1'>
         <q shape='(1, 39)'>
          [  -2.35925999e+01,   2.24455813e+01,   3.47599459e+01,   6.72975925e+01,  -5.69534380e+01, 
             -9.56477161e+01,  -2.32653943e+01,   1.88586415e+01,   3.40362630e+01,  -2.50974597e+01, 
              1.62245848e+01,   3.45550561e+01,  -2.27256230e+01,   1.63526147e+01,   3.63743015e+01, 
             -2.23673209e+01,   2.45929877e+01,   3.69311505e+01,  -2.53888286e+01,   2.44662441e+01, 
              3.65334480e+01,   7.00816210e+01,  -5.70821808e+01,  -9.44043040e+01,   6.96769950e+01, 
             -5.54795430e+01,  -9.70175092e+01,  -2.32532264e+01,   2.10557998e+01,   3.28915607e+01, 
             -2.33389964e+01,   1.68265242e+01,   3.47359679e+01,  -2.37993885e+01,   2.34504110e+01, 
              3.66209900e+01,   6.88959067e+01,  -5.60822791e+01,  -9.54339726e+01 ]
         </q>
         <p shape='(1, 39)'>
          [   6.06195526e-01,   1.11123440e+00,  -5.13878883e-01,  -7.86773126e-01,  -4.06782928e-01, 
              7.54010699e-01,  -3.29581554e+00,   1.19530486e-01,  -1.27698702e+00,   1.47498731e-01, 
             -1.68684999e-01,   4.57364894e-02,  -8.75545385e-01,  -1.46217622e+00,  -1.63038036e-01, 
              1.13664412e+00,   1.83850864e-01,   6.55629692e-01,   1.08866873e+00,   1.08478562e+00, 
              8.91599137e-01,  -5.50052561e-02,  -3.29702311e-01,  -1.77201022e+00,  -7.20045982e-01, 
             -2.10395122e+00,  -2.03286585e+00,  -7.43928830e-01,  -8.35375679e-01,   3.26934315e+00, 
              2.76566761e+00,   1.36521785e+00,   4.43524980e+00,  -7.94914429e+00,   4.71111401e+00, 
              2.83151597e+00,   8.68158369e+00,  -3.26905987e+00,  -7.12430492e+00 ]
         </p>
         <m shape='(13)'>
          [   1.83747161e+03,   1.83747161e+03,   1.83747161e+03,   1.83747161e+03,   1.83747161e+03, 
              1.83747161e+03,   1.83747161e+03,   1.83747161e+03,   1.83747161e+03,   2.91643931e+04, 
              2.91643931e+04,   2.91643931e+04,   2.91643931e+04 ]
         </m>
         <names shape='(13)'>
          [ H, H, H, H, H, 
            H, H, H, H, O, 
            O, O, O ]
         </names>
      </beads>
      <cell shape='(3, 3)'>
       [   1.00000000e+03,   0.00000000e+00,   0.00000000e+00,   0.00000000e+00,   1.00000000e+03, 
           0.00000000e+00,   0.00000000e+00,   0.00000000e+00,   1.00000000e+03 ]
      </cell>
   </system>
</simulation>
