<!--
 Unable to retrieve Git information.

 Simulation information:
           Machine Name: Unknown
      Working Directory: /Users/krystofbrezina/Teaching/AL-tutorial/ipi-examples/zundel-inference
          Date and Time: 2025-06-12 11:17:16
-->
<simulation verbosity='low' mode='static'>
   <prng>
      <seed>32342</seed>
      <state>[{"bit_generator": "MT19937", "state": {"key": [2186394348, 3388720419, 3939399004, 1885074435, 1993385094, 4030220438, 1164700775, 631758698, 1442811846, 3838328502, 4090640139, 1415622328, 3691169518, 962706300, 2548514149, 2896027183, 3144690336, 98048469, 2195642875, 1159952989, 439226918, 70643824, 105249876, 3949100413, 1267210085, 342553478, 29967132, 3647724750, 4237797890, 3107936315, 824728138, 3018707012, 2037311756, 4064470905, 2879419757, 562645268, 1834704153, 612605178, 2651373133, 3906883270, 3420675703, 332258456, 9598267, 3106059078, 3965373789, 1348642307, 4067876734, 3764698837, 958383670, 3159421760, 1330923052, 1911238915, 1086757606, 3782094046, 2358229377, 2799534701, 1011869219, 3986641222, 1929880947, 1694155330, 290817453, 3223265090, 1090776367, 2172215805, 3122522813, 3615491785, 732875128, 235539388, 2518108690, 595731311, 1697206938, 3294983493, 2366290148, 2008673527, 1216612594, 2192182003, 1041086527, 2241706481, 1349251850, 1310343982, 845630364, 737130714, 1344578859, 3034703865, 708021482, 4132435345, 2553320821, 1994307019, 2981986429, 3723733779, 1886352612, 1562708386, 2374474909, 2861139306, 1350031560, 4275565530, 1136700661, 3874883759, 3095110585, 3146010084, 2125412130, 2281388466, 3125426987, 3267537464, 2154179533, 2881859987, 342585775, 3682168924, 2070775857, 1371419784, 3726578732, 3881892819, 4222606535, 4148181888, 1823842940, 1972405680, 1737940624, 802043290, 2443140683, 2768707841, 2726712905, 4099441742, 3179396910, 1973386283, 2479436360, 1890579898, 339600504, 1620257494, 3792374498, 3584923921, 465019473, 108876365, 1726677286, 1211660322, 2841168884, 1453403405, 494543028, 3307484091, 1533612438, 783606416, 1655548849, 259633719, 1904430748, 684988109, 3588947648, 301649624, 3407407772, 1462961025, 2550191946, 1077955522, 1842508856, 1333450872, 1701409763, 2254948306, 447820438, 1933102262, 2316529628, 2192435833, 4031021380, 1153516013, 2700897695, 783380412, 1535802910, 237461811, 1790745780, 939477542, 3890389121, 166608296, 2263052142, 3996317495, 330331317, 3545087186, 2549737931, 1368116140, 3044864894, 1914923177, 2063164091, 1157029379, 3015442033, 3297518266, 3207538639, 82248066, 2457625110, 1040140514, 4118948319, 2072235696, 1357735698, 3308728889, 3044709025, 1313560409, 659234090, 404747975, 3536560728, 2769013019, 1221788442, 1500911026, 1831513677, 2608975258, 807753013, 3689110076, 3528051324, 3357547732, 4084804438, 177285783, 3091891224, 2581549409, 420243427, 3180958194, 2829774439, 1759354733, 3813297179, 725899364, 1568106908, 342867181, 3758703803, 2283263682, 636693673, 487363915, 2213132877, 4207280866, 3712266840, 3851808310, 984195291, 3387746082, 3413540682, 3038474243, 4185689148, 1102055879, 3257485135, 2303716659, 118469021, 91731693, 3086552565, 4145291446, 3452839280, 3459118450, 2915011328, 2420045738, 4066796395, 3792135177, 3484828757, 839154536, 2125536612, 385610805, 1451438635, 700509635, 4151156957, 247128917, 1058316882, 2944070897, 3300910919, 1161803071, 1606361235, 1314312815, 1916294480, 1141385889, 3775119193, 2679833500, 2102617791, 1504793909, 2485847834, 1215986801, 4154263183, 1217444233, 2924150193, 3761189700, 739414060, 946630498, 538325678, 3130380525, 679234803, 3936437623, 1627559070, 1741931419, 3355835182, 217216026, 2900525894, 4138965292, 1408935372, 4255141882, 1840765462, 3657823852, 4272480536, 2221067402, 2640565780, 1739250425, 902119422, 3297686241, 2313922889, 377493149, 4294731026, 1015075953, 3654853770, 1921212428, 3494767917, 793268929, 288365496, 3071005387, 3790606454, 3613299033, 2139440662, 2232009, 1728400811, 1421989161, 4016776089, 2203715916, 2360370676, 383673274, 2413646936, 1444676580, 2996893888, 313037274, 1186453222, 833314594, 903436425, 4205160515, 1928770931, 3866277221, 460278928, 1580035611, 791761624, 2321096546, 64175884, 946798622, 458025432, 1775546298, 2504825447, 1732136194, 3429929741, 1190488326, 1727577257, 604070658, 501120647, 743253941, 1549092124, 1966901018, 3454477834, 499250019, 1722987351, 3108982059, 499941371, 3718426384, 20189549, 897724853, 2516444005, 3279330095, 1663625168, 1546365516, 3097065103, 2332879962, 2391412574, 1544047594, 3841023319, 3294297546, 3761909663, 1760682967, 1962574175, 2599488904, 2048713152, 207776975, 2387456105, 500048033, 3937667972, 2499190600, 2093181999, 2194660307, 3647376890, 313092160, 3927891541, 1004275563, 3648352856, 3972465874, 733401080, 611514585, 1856029383, 1931819761, 1393302721, 1334626623, 2239630275, 1335557247, 1487964031, 3000022264, 4250271076, 4200573233, 1884359274, 2509199586, 2183839179, 3041204067, 512671730, 3754871451, 2242655410, 2985428356, 1791102160, 1070385612, 3024700019, 705270121, 999890981, 676203558, 3179234132, 1926291252, 3677668215, 2565787391, 2509342430, 1690396671, 1783344691, 232568021, 1247139353, 379800462, 660937703, 3822599980, 265265678, 3507599600, 2024615965, 1136315921, 2359830647, 2167438104, 360501686, 1725450594, 2028091089, 3807036266, 3927023629, 3036079503, 2070836474, 3417192254, 1515351918, 1862227539, 2903601668, 3138272923, 2591779043, 3157594191, 576689639, 1247771373, 585344481, 3992511093, 1092508756, 2807445480, 1684276387, 3401932326, 56517440, 4293891629, 430713468, 2838048788, 426482260, 464854259, 1540943344, 1806868865, 2760236455, 3462713836, 2796891030, 3296638190, 1837643638, 1740380448, 2212625372, 3567504983, 1509230738, 28082616, 2263308490, 3207514576, 3175421478, 2710657500, 2814923559, 4198262596, 2520924433, 1369157111, 3726649221, 3269890369, 701765522, 970091880, 1846875376, 121225444, 1181806628, 2175491622, 233780134, 2172699572, 436595040, 2586773917, 1724835759, 4263136584, 133775641, 2140433927, 4003540363, 1075949473, 911621755, 3532233581, 3180201381, 2447382375, 176181934, 1794875204, 974276793, 4033462931, 2892375611, 2677596965, 1964080990, 1741064078, 472754439, 2936352046, 3399448782, 3552695886, 383559983, 463175376, 1111570017, 41278074, 3474448022, 2645354069, 2193292023, 3280899441, 1793611321, 1472527843, 992666776, 4023934136, 3821431276, 1959512832, 3150651004, 2879633152, 2765535809, 2429144325, 2333697330, 2096634968, 2115541153, 3626382628, 3080886349, 2709327665, 1140476627, 3613620721, 3661872576, 1197103024, 1663782501, 2994575267, 1172143013, 3808082007, 368494797, 2533348216, 3502149738, 2557980729, 3429300903, 630514773, 3771147557, 3089545933, 215693992, 448700271, 3069892398, 471508433, 4205641978, 757932943, 2936935949, 2884902544, 3915832266, 1193078436, 2806249299, 3319173404, 2778739483, 11758546, 2793594451, 3471601520, 1173129708, 3945691111, 2890583199, 2430276772, 1521813567, 2277589869, 1509422586, 1769594103, 418788656, 1528117286, 3721020612, 3892180350, 3550153808, 1890087769, 1110381173, 1358469039, 1118064520, 4034547838, 2998788725, 2473270431, 3901306577, 2616991165, 2451466443, 3994440856, 3062189013, 1324650225, 650764745, 1078170759, 2063284851, 2509857997, 417903232, 3065414867, 1574361963, 1223035824, 2378487851, 318265909, 3612180419, 2382720943, 471346514, 25546827, 14918701, 2479114932, 2445520746, 1703847434, 3561601847, 1888606024, 2468371312, 3105871289, 2912640014, 2079145400, 3088279154, 1285183721, 2055979864, 69728752, 3972177198, 464473300, 1098605462, 3920423214, 3482969967, 3274921066, 2099639230, 3298648132, 177987326, 574371785, 2849660559, 21970850, 3313388320, 1453051995, 716933729, 984743251], "pos": 265}}]</state>
   </prng>
   <output prefix='ipi'>
      <properties shape='(6)' filename='mean_properties.out' stride='20'>
       [ step, time{femtosecond}, conserved{electronvolt}, kinetic_md{electronvolt}, potential{electronvolt}, 
         temperature{kelvin} ]
      </properties>
      <trajectory filename='pos' stride='20' format='ase'>positions</trajectory>
      <trajectory filename='mean_force' stride='20' cell_units='angstrom'>forces{eV/ang}</trajectory>
      <properties shape='(4)' filename='mace_properties' stride='20'> [ pot_component_raw(0){electronvolt}, pot_component_raw(1){electronvolt}, pot_component_raw(2){electronvolt}, pot_component_raw(3){electronvolt} ] </properties>
      <trajectory filename='mace_force_0' stride='20' format='ase'>forces_component_raw(0)</trajectory>
      <trajectory filename='mace_force_1' stride='20' format='ase'>forces_component_raw(1)</trajectory>
      <trajectory filename='mace_force_2' stride='20' format='ase'>forces_component_raw(2)</trajectory>
      <trajectory filename='mace_force_3' stride='20' format='ase'>forces_component_raw(3)</trajectory>
   </output>
   <step>20000</step>
   <total_steps>20000</total_steps>
   <ffsocket mode='unix' name='mace-0'>
      <address>address-0</address>
   </ffsocket>
   <ffsocket mode='unix' name='mace-1'>
      <address>address-1</address>
   </ffsocket>
   <ffsocket mode='unix' name='mace-2'>
      <address>address-2</address>
   </ffsocket>
   <ffsocket mode='unix' name='mace-3'>
      <address>address-3</address>
   </ffsocket>
   <system>
      <forces>
         <force weight='  2.50000000e-01' forcefield='mace-0'>
         </force>
         <force weight='  2.50000000e-01' forcefield='mace-1'>
         </force>
         <force weight='  2.50000000e-01' forcefield='mace-2'>
         </force>
         <force weight='  2.50000000e-01' forcefield='mace-3'>
         </force>
      </forces>
      <ensemble>
         <temperature>  9.50044560e-04</temperature>
         <eens>  2.84220912e-01</eens>
         <hamiltonian_weights shape='(4)'> [   1.00000000e+00,   1.00000000e+00,   1.00000000e+00,   1.00000000e+00 ] </hamiltonian_weights>
         <time>  4.13413730e+05</time>
      </ensemble>
      <motion mode='dynamics'>
         <dynamics mode='nvt'>
            <thermostat mode='langevin'>
               <ethermo> -2.80823924e-01</ethermo>
               <tau>  4.13413730e+03</tau>
            </thermostat>
            <timestep>  2.06706865e+01</timestep>
            <nmts shape='(1)'> [ 1 ] </nmts>
         </dynamics>
      </motion>
      <beads natoms='7' nbeads='1'>
         <q shape='(1, 21)'>
          [  -9.95462177e-01,  -1.49449787e+00,   1.33629927e+00,  -2.26537034e+00,  -8.50805652e-01, 
              2.47141705e+00,  -1.38181828e-01,  -2.74705618e+00,   2.32705979e+00,   9.98281034e-01, 
              1.42382059e+00,  -1.43747790e+00,  -1.56961793e-01,  -1.42778141e-01,   3.48116644e-02, 
              2.22054940e+00,   2.45987658e+00,  -3.93660499e-01,   2.95223481e-01,   2.40255509e+00, 
             -2.83371822e+00 ]
         </q>
         <p shape='(1, 21)'>
          [  -4.67019941e-01,   2.24185448e-01,  -1.46078488e+00,  -5.98259823e-01,  -3.23347730e-01, 
             -2.08737597e+00,   9.57489037e-01,   3.52451313e-01,   1.04305122e+00,  -4.81619114e-01, 
             -1.60138798e+00,   9.89808013e-01,   5.22856318e-01,  -8.15209250e-01,   1.56534206e+00, 
             -3.32547012e-01,   1.30837584e+00,   1.52581939e-02,   3.99100535e-01,   8.54932358e-01, 
             -6.52986359e-02 ]
         </p>
         <m shape='(7)'>
          [   2.91643931e+04,   1.83747161e+03,   1.83747161e+03,   2.91643931e+04,   1.83747161e+03, 
              1.83747161e+03,   1.83747161e+03 ]
         </m>
         <names shape='(7)'>
          [ O, H, H, O, H, 
            H, H ]
         </names>
      </beads>
      <cell shape='(3, 3)'>
       [   1.00000000e+03,   0.00000000e+00,   0.00000000e+00,   0.00000000e+00,   1.00000000e+03, 
           0.00000000e+00,   0.00000000e+00,   0.00000000e+00,   1.00000000e+03 ]
      </cell>
   </system>
</simulation>
